0.0000 0.0000 0.0000 0.0000 0.0000 0.0000 0.0000 0.0000 0.0000 0.0000 0.0000 0.0000 0.0000 0.0000 0.0000 0.0000 0.0000 13.4000 37.9000 37.4000 0.0000 21.1000 11.9000 29.4000 29.2000 28.8000 9.1000 0.0000 0.0000 5.6000 0.0000 6.4000 0.0000 0.0000 0.0000 0.0000 0.0000 7.9000 7.7000 0.0000 0.0000 0.0000 0.0000 0.0000 0.0000 0.0000 0.0000 0.0000 0.0000 0.0000
0.0000 0.0000 0.0000 0.0000 0.0000 0.0000 0.0000 0.0000 0.0000 0.0000 0.0000 0.0000 0.0000 0.0000 0.0000 0.0000 0.0000 13.6000 37.5000 38.6000 26.0000 21.1000 0.0000 30.0000 30.3000 20.0000 0.0000 0.0000 0.0000 5.9000 6.3000 6.6000 6.9000 7.3000 7.7000 8.0000 8.5000 8.1000 0.0000 0.0000 0.0000 0.0000 0.0000 0.0000 0.0000 0.0000 0.0000 0.0000 0.0000 0.0000
0.0000 0.0000 0.0000 0.0000 0.0000 0.0000 0.0000 0.0000 0.0000 0.0000 0.0000 0.0000 0.0000 0.0000 0.0000 0.0000 0.0000 23.2000 48.5000 50.3000 40.6000 49.7000 43.3000 43.3000 46.2000 45.9000 20.2000 19.9000 7.3000 0.0000 0.0000 6.4000 6.4000 6.9000 0.0000 8.9000 8.7000 8.5000 0.0000 0.0000 0.0000 0.0000 0.0000 0.0000 0.0000 0.0000 0.0000 0.0000 0.0000 0.0000
0.0000 0.0000 0.0000 0.0000 0.0000 0.0000 0.0000 0.0000 0.0000 0.0000 0.0000 0.0000 0.0000 0.0000 0.0000 0.0000 0.0000 0.0000 39.4000 50.6000 40.3000 0.0000 32.4000 46.7000 48.6000 46.7000 0.0000 31.1000 0.0000 0.0000 10.6000 0.0000 0.0000 0.0000 18.8000 9.3000 9.1000 8.8000 0.0000 0.0000 0.0000 0.0000 0.0000 0.0000 0.0000 0.0000 0.0000 0.0000 0.0000 0.0000
0.0000 0.0000 0.0000 0.0000 0.0000 0.0000 0.0000 0.0000 0.0000 0.0000 0.0000 0.0000 0.0000 0.0000 0.0000 0.0000 0.0000 0.0000 39.8000 50.7000 51.3000 64.5000 0.0000 48.4000 48.8000 54.3000 38.2000 50.2000 48.2000 0.0000 17.7000 17.8000 17.5000 26.1000 19.6000 0.0000 0.0000 0.0000 0.0000 0.0000 0.0000 0.0000 0.0000 0.0000 0.0000 0.0000 0.0000 0.0000 0.0000 0.0000
0.0000 0.0000 0.0000 0.0000 0.0000 0.0000 0.0000 0.0000 0.0000 0.0000 0.0000 0.0000 0.0000 0.0000 0.0000 0.0000 15.4000 21.8000 39.9000 51.4000 63.3000 81.6000 59.5000 59.1000 55.8000 56.1000 52.8000 50.8000 38.5000 15.7000 17.6000 18.2000 18.3000 17.5000 26.9000 25.7000 16.6000 9.9000 0.0000 0.0000 0.0000 0.0000 0.0000 0.0000 0.0000 0.0000 0.0000 0.0000 0.0000 0.0000
18.0000 0.0000 0.0000 21.4000 8.7000 0.0000 4.9000 0.0000 0.0000 0.0000 0.0000 0.0000 0.0000 0.0000 0.0000 0.0000 33.4000 43.7000 0.0000 0.0000 95.2000 103.3000 100.1000 74.8000 42.5000 55.3000 38.6000 0.0000 22.5000 0.0000 0.0000 0.0000 18.1000 0.0000 16.5000 26.9000 16.7000 9.4000 0.0000 0.0000 0.0000 0.0000 0.0000 0.0000 0.0000 0.0000 0.0000 0.0000 0.0000 0.0000
18.4000 27.5000 27.9000 24.2000 24.3000 0.0000 20.9000 9.3000 0.0000 0.0000 0.0000 0.0000 0.0000 0.0000 0.0000 0.0000 33.5000 53.9000 68.3000 70.4000 106.3000 104.9000 101.8000 86.2000 54.4000 0.0000 20.3000 38.3000 23.3000 15.2000 15.6000 0.0000 18.1000 17.4000 28.7000 41.8000 41.9000 32.2000 17.8000 17.4000 0.0000 0.0000 0.0000 0.0000 0.0000 0.0000 0.0000 0.0000 0.0000 0.0000
15.4000 0.0000 23.0000 36.2000 36.7000 0.0000 49.0000 41.3000 9.5000 4.4000 15.0000 0.0000 0.0000 0.0000 25.1000 53.6000 65.4000 54.4000 42.2000 71.1000 116.9000 104.4000 70.5000 0.0000 42.8000 34.1000 0.0000 43.3000 0.0000 0.0000 16.0000 8.0000 27.6000 43.1000 43.8000 42.9000 42.1000 0.0000 17.0000 17.0000 0.0000 0.0000 0.0000 0.0000 0.0000 0.0000 0.0000 0.0000 0.0000 0.0000
30.2000 40.4000 36.2000 0.0000 46.5000 61.4000 61.8000 63.4000 37.3000 4.5000 15.1000 0.0000 0.0000 34.2000 69.9000 80.7000 66.0000 0.0000 0.0000 99.8000 118.1000 106.2000 98.0000 98.1000 70.6000 0.0000 57.6000 72.7000 56.6000 0.0000 16.3000 0.0000 43.0000 43.2000 44.5000 41.4000 41.1000 39.2000 19.7000 0.0000 0.0000 0.0000 0.0000 0.0000 0.0000 0.0000 0.0000 0.0000 0.0000 0.0000
43.5000 44.6000 0.0000 46.5000 47.2000 0.0000 63.8000 64.2000 63.8000 50.4000 35.5000 7.7000 0.0000 61.7000 82.0000 84.9000 83.0000 100.3000 100.9000 103.3000 105.2000 117.8000 117.9000 103.4000 75.3000 90.6000 0.0000 81.4000 66.1000 57.3000 42.0000 37.9000 60.6000 0.0000 60.9000 0.0000 39.1000 62.3000 0.0000 6.6000 0.0000 0.0000 0.0000 0.0000 0.0000 0.0000 0.0000 0.0000 0.0000 0.0000
46.1000 45.4000 0.0000 47.0000 47.7000 0.0000 64.6000 65.0000 51.2000 51.1000 0.0000 0.0000 27.4000 71.0000 82.4000 84.9000 85.3000 99.7000 0.0000 103.3000 119.9000 119.6000 120.2000 104.3000 0.0000 91.5000 114.5000 114.6000 101.2000 0.0000 0.0000 63.5000 62.6000 60.5000 59.6000 44.4000 37.5000 48.6000 65.4000 63.9000 21.3000 0.0000 0.0000 0.0000 0.0000 0.0000 0.0000 0.0000 0.0000 0.0000
46.8000 47.1000 0.0000 0.0000 63.2000 55.3000 65.2000 65.6000 0.0000 51.2000 0.0000 0.0000 0.0000 82.1000 82.5000 84.6000 84.7000 0.0000 0.0000 79.8000 120.1000 124.3000 110.4000 91.0000 92.9000 93.0000 108.0000 108.3000 117.6000 120.6000 111.8000 64.0000 79.5000 65.9000 37.3000 0.0000 0.0000 73.3000 65.8000 62.7000 0.0000 0.0000 0.0000 0.0000 0.0000 0.0000 0.0000 0.0000 0.0000 0.0000
47.1000 47.6000 47.9000 61.3000 64.0000 0.0000 65.6000 65.8000 0.0000 66.0000 60.6000 0.0000 81.7000 82.1000 82.3000 69.5000 59.4000 35.0000 48.5000 0.0000 107.5000 79.9000 129.3000 112.5000 111.5000 0.0000 112.4000 97.0000 99.7000 110.0000 123.2000 122.9000 111.7000 98.1000 0.0000 40.9000 60.2000 66.9000 66.1000 62.8000 49.9000 0.0000 0.0000 0.0000 0.0000 0.0000 0.0000 0.0000 0.0000 0.0000
46.6000 46.7000 0.0000 0.0000 64.4000 65.4000 66.0000 66.6000 67.0000 68.6000 68.8000 68.3000 81.3000 71.2000 0.0000 53.3000 52.7000 46.7000 50.1000 60.0000 91.9000 112.9000 133.0000 104.4000 100.2000 104.2000 113.8000 0.0000 84.7000 102.4000 118.5000 118.8000 124.1000 113.1000 91.8000 89.9000 60.9000 65.1000 65.7000 64.7000 42.5000 0.0000 35.6000 25.0000 11.3000 0.0000 0.0000 0.0000 0.0000 0.0000
22.0000 0.0000 0.0000 0.0000 62.4000 65.1000 65.5000 66.1000 66.5000 68.6000 69.4000 68.9000 63.7000 78.3000 51.4000 53.3000 39.1000 0.0000 55.2000 29.9000 91.3000 0.0000 136.9000 124.8000 143.6000 119.5000 113.6000 134.7000 151.8000 0.0000 107.1000 133.6000 113.8000 0.0000 65.8000 92.6000 61.2000 58.6000 66.1000 63.5000 0.0000 25.9000 36.4000 0.0000 37.5000 11.3000 0.0000 0.0000 2.9000 0.0000
9.8000 9.8000 0.0000 14.3000 61.8000 54.5000 0.0000 65.7000 68.1000 68.2000 68.8000 53.6000 66.0000 65.4000 69.5000 65.9000 66.6000 61.1000 57.9000 63.9000 92.9000 84.7000 139.4000 148.4000 144.3000 0.0000 0.0000 151.0000 154.7000 121.1000 121.6000 153.7000 152.2000 0.0000 87.3000 87.0000 86.6000 52.2000 51.9000 63.3000 43.6000 43.2000 37.2000 0.0000 38.3000 33.7000 10.4000 10.2000 3.3000 0.0000
13.8000 12.0000 6.0000 0.0000 33.8000 44.3000 0.0000 0.0000 67.7000 56.1000 55.1000 0.0000 0.0000 64.8000 65.1000 0.0000 47.9000 72.6000 0.0000 57.5000 73.2000 101.7000 152.6000 153.9000 155.6000 159.3000 159.3000 156.9000 157.9000 157.3000 156.7000 155.7000 154.3000 138.1000 89.7000 87.9000 74.7000 43.5000 0.0000 56.4000 55.7000 0.0000 49.9000 42.4000 40.0000 39.2000 24.9000 15.3000 14.7000 3.2000
13.4000 14.2000 13.3000 12.7000 0.0000 48.1000 49.7000 57.5000 57.7000 56.7000 48.3000 54.3000 53.8000 50.6000 62.8000 0.0000 117.6000 86.8000 91.2000 94.0000 136.3000 152.4000 153.2000 154.5000 160.7000 161.1000 160.9000 159.3000 158.9000 158.3000 157.7000 156.7000 155.7000 139.5000 0.0000 0.0000 72.3000 0.0000 35.5000 53.0000 69.1000 63.6000 38.2000 0.0000 39.8000 50.3000 51.1000 28.8000 23.7000 0.0000
0.0000 13.5000 13.3000 12.9000 0.0000 49.5000 52.0000 52.7000 54.5000 55.0000 44.0000 41.9000 41.9000 52.5000 0.0000 102.2000 119.3000 119.7000 0.0000 58.0000 150.7000 150.6000 0.0000 154.7000 161.9000 162.3000 162.1000 159.7000 159.9000 159.5000 158.7000 157.3000 156.3000 154.3000 0.0000 0.0000 67.2000 48.7000 23.5000 51.6000 50.1000 48.9000 37.1000 37.1000 42.8000 0.0000 49.9000 39.4000 35.2000 11.0000
13.1000 14.3000 17.1000 0.0000 25.9000 0.0000 40.6000 37.9000 38.5000 44.3000 52.9000 44.2000 40.8000 53.0000 0.0000 116.1000 120.8000 133.4000 152.9000 0.0000 138.6000 139.1000 134.8000 0.0000 162.9000 163.7000 163.3000 0.0000 149.0000 160.5000 159.7000 158.7000 139.1000 121.7000 116.3000 103.8000 70.4000 0.0000 35.6000 51.8000 52.2000 0.0000 0.0000 54.0000 43.3000 30.2000 40.0000 39.8000 34.9000 0.0000
0.0000 0.0000 32.9000 34.0000 40.9000 50.6000 49.6000 55.2000 54.3000 49.2000 58.4000 53.4000 52.1000 0.0000 83.8000 120.8000 121.4000 153.1000 154.3000 130.2000 0.0000 0.0000 149.6000 162.9000 163.7000 164.7000 164.1000 163.7000 162.7000 161.7000 160.7000 159.7000 153.8000 136.1000 132.1000 127.7000 0.0000 64.3000 83.6000 92.7000 78.8000 76.7000 66.3000 61.2000 59.7000 33.3000 31.6000 41.9000 41.5000 27.4000
20.5000 21.4000 32.6000 32.5000 0.0000 45.9000 0.0000 65.3000 67.5000 0.0000 40.5000 51.5000 51.8000 77.4000 84.4000 93.2000 0.0000 153.5000 155.1000 155.5000 0.0000 162.1000 150.5000 164.1000 165.1000 165.7000 165.5000 164.5000 163.7000 162.7000 161.5000 160.5000 157.3000 154.1000 145.4000 107.7000 89.7000 72.4000 92.5000 87.8000 81.6000 80.3000 64.6000 70.9000 55.8000 34.1000 28.5000 40.5000 40.8000 0.0000
25.0000 23.6000 27.5000 30.4000 31.4000 44.0000 46.2000 67.6000 67.8000 63.6000 0.0000 55.4000 40.3000 0.0000 77.9000 0.0000 107.9000 134.9000 155.7000 160.5000 161.5000 162.7000 163.7000 164.9000 165.7000 166.9000 166.5000 165.5000 164.7000 163.5000 162.5000 160.5000 158.2000 151.7000 130.8000 108.5000 93.0000 87.8000 91.4000 74.0000 88.9000 80.9000 63.3000 69.0000 56.2000 34.5000 26.3000 0.0000 52.1000 50.5000
15.3000 12.0000 0.0000 23.9000 31.9000 42.9000 0.0000 72.6000 76.5000 77.8000 66.8000 57.5000 0.0000 64.8000 94.9000 148.2000 154.6000 153.3000 154.3000 0.0000 141.3000 162.7000 163.9000 164.9000 167.3000 168.5000 167.5000 166.5000 165.5000 164.1000 162.9000 160.7000 158.4000 0.0000 144.8000 106.2000 89.9000 86.5000 93.1000 92.5000 90.3000 79.6000 0.0000 0.0000 49.4000 0.0000 36.8000 49.5000 49.7000 38.0000
16.3000 21.2000 19.6000 22.1000 24.1000 51.8000 50.1000 43.4000 0.0000 80.2000 80.3000 73.6000 41.0000 60.1000 104.7000 90.1000 154.5000 103.7000 0.0000 0.0000 0.0000 160.9000 0.0000 0.0000 168.1000 169.7000 168.5000 167.3000 165.9000 164.3000 0.0000 158.3000 157.7000 150.3000 145.0000 0.0000 41.2000 57.6000 81.2000 68.6000 69.6000 55.7000 39.8000 53.9000 66.6000 50.1000 52.5000 40.1000 48.9000 36.4000
16.5000 22.4000 20.6000 0.0000 23.2000 32.9000 30.1000 0.0000 0.0000 86.0000 85.2000 86.3000 54.3000 86.3000 105.2000 107.2000 133.5000 0.0000 119.5000 138.5000 139.4000 160.1000 120.8000 0.0000 136.1000 165.9000 167.5000 163.2000 162.7000 163.0000 152.7000 152.9000 0.0000 144.7000 145.6000 0.0000 71.9000 96.6000 96.7000 78.2000 83.2000 0.0000 49.3000 59.2000 75.5000 60.9000 57.7000 0.0000 47.2000 47.5000
12.4000 22.4000 17.7000 18.0000 0.0000 31.7000 31.8000 0.0000 33.2000 84.7000 78.1000 95.8000 110.9000 77.9000 99.7000 0.0000 134.3000 135.2000 137.1000 138.2000 139.3000 140.4000 139.7000 137.8000 87.7000 0.0000 157.7000 158.6000 0.0000 142.3000 153.6000 151.4000 126.0000 144.8000 129.2000 98.8000 114.1000 75.1000 84.2000 88.4000 84.6000 82.9000 0.0000 74.3000 71.7000 45.2000 32.8000 31.5000 29.5000 0.0000
8.7000 0.0000 27.3000 31.7000 30.7000 31.7000 28.3000 21.1000 0.0000 84.4000 96.6000 98.7000 104.3000 70.6000 0.0000 0.0000 132.3000 131.7000 136.0000 137.3000 138.2000 138.9000 139.0000 137.5000 75.9000 117.2000 155.2000 102.7000 91.3000 121.9000 150.8000 129.1000 145.3000 0.0000 123.3000 125.7000 115.1000 109.9000 0.0000 70.9000 84.9000 68.4000 42.0000 77.4000 62.9000 0.0000 23.9000 27.6000 0.0000 0.0000
0.0000 16.3000 32.3000 39.6000 29.0000 28.3000 27.1000 0.0000 30.6000 74.1000 97.2000 86.2000 90.6000 77.6000 87.9000 106.7000 120.5000 121.7000 134.2000 133.4000 0.0000 138.2000 137.9000 134.4000 0.0000 115.3000 108.0000 0.0000 107.0000 127.0000 145.2000 97.8000 108.1000 90.8000 110.3000 95.7000 0.0000 84.6000 83.8000 73.2000 64.8000 63.8000 47.3000 65.8000 0.0000 41.3000 41.6000 40.4000 23.4000 0.0000
30.3000 29.1000 33.2000 17.5000 24.5000 24.9000 0.0000 14.2000 38.4000 60.9000 76.1000 0.0000 0.0000 102.6000 107.3000 81.2000 89.1000 91.8000 114.0000 114.6000 62.7000 0.0000 0.0000 0.0000 61.2000 112.2000 105.3000 100.7000 123.2000 91.2000 135.9000 111.3000 0.0000 105.0000 106.4000 107.5000 79.4000 82.8000 81.8000 82.7000 88.5000 0.0000 0.0000 39.2000 0.0000 33.7000 40.7000 42.1000 40.9000 0.0000
30.8000 30.4000 28.4000 0.0000 3.9000 18.3000 0.0000 6.7000 49.9000 59.5000 76.5000 71.3000 60.0000 98.9000 107.0000 91.6000 78.4000 82.1000 116.5000 116.9000 81.6000 0.0000 0.0000 79.4000 75.9000 0.0000 50.9000 0.0000 119.9000 116.2000 134.6000 133.8000 113.7000 111.9000 112.8000 95.5000 83.6000 0.0000 91.5000 73.5000 79.2000 50.5000 41.3000 39.9000 53.0000 44.3000 42.5000 42.6000 42.1000 24.3000
31.3000 30.3000 28.5000 21.5000 0.0000 21.8000 0.0000 0.0000 58.9000 60.6000 59.7000 41.7000 0.0000 89.0000 97.1000 80.1000 65.5000 97.7000 103.6000 99.9000 88.8000 100.2000 90.9000 83.0000 82.7000 79.9000 0.0000 86.6000 100.6000 113.2000 129.8000 128.5000 114.7000 85.0000 111.9000 104.5000 104.6000 90.0000 90.2000 0.0000 68.5000 61.9000 56.8000 56.2000 56.2000 41.4000 44.9000 41.7000 41.7000 41.1000
32.1000 32.5000 32.2000 0.0000 36.1000 36.6000 37.1000 37.2000 58.5000 50.5000 49.8000 51.8000 45.3000 67.3000 87.1000 79.6000 89.9000 95.7000 94.4000 82.9000 83.2000 0.0000 70.4000 56.2000 88.4000 89.5000 79.1000 89.9000 101.8000 102.6000 115.7000 96.8000 110.7000 99.6000 122.3000 79.1000 68.0000 68.0000 89.3000 78.3000 78.5000 58.6000 70.6000 56.1000 55.6000 44.1000 43.8000 38.1000 0.0000 38.3000
32.9000 33.0000 0.0000 20.9000 21.7000 36.3000 37.0000 36.5000 0.0000 48.0000 49.0000 48.2000 35.7000 0.0000 86.2000 0.0000 90.7000 92.0000 77.7000 85.8000 68.8000 77.3000 80.2000 53.6000 86.4000 88.1000 87.4000 0.0000 93.2000 80.9000 87.5000 0.0000 85.4000 84.7000 95.5000 87.6000 82.2000 84.3000 83.4000 79.5000 80.8000 70.5000 70.6000 0.0000 46.5000 48.9000 48.4000 23.1000 35.9000 40.8000
33.2000 33.7000 33.9000 34.4000 35.1000 36.2000 36.5000 0.0000 27.1000 38.4000 46.2000 24.6000 0.0000 0.0000 46.8000 47.6000 67.6000 0.0000 71.9000 76.1000 70.8000 0.0000 81.0000 82.3000 87.7000 86.8000 88.2000 0.0000 81.2000 68.6000 71.0000 95.3000 87.4000 93.7000 63.6000 64.4000 65.4000 74.2000 83.3000 78.6000 78.6000 76.8000 48.8000 0.0000 45.1000 45.7000 51.1000 36.7000 34.5000 16.4000
33.1000 33.6000 34.0000 34.7000 35.0000 35.9000 36.2000 41.8000 40.3000 38.4000 44.5000 8.5000 25.4000 11.2000 0.0000 38.4000 0.0000 10.5000 0.0000 59.8000 63.0000 56.2000 80.1000 82.6000 69.5000 65.4000 54.4000 76.1000 75.5000 53.5000 0.0000 78.1000 90.1000 91.3000 79.6000 75.7000 0.0000 0.0000 61.8000 69.4000 70.6000 0.0000 46.4000 49.8000 0.0000 0.0000 50.2000 35.6000 31.7000 21.0000
33.0000 33.5000 33.9000 34.6000 35.1000 35.4000 32.6000 42.7000 31.7000 38.8000 0.0000 0.0000 26.1000 0.0000 15.9000 0.0000 40.5000 41.1000 53.9000 59.5000 64.8000 64.3000 65.3000 81.4000 54.0000 0.0000 72.3000 77.7000 73.3000 0.0000 0.0000 87.4000 88.9000 74.0000 76.9000 74.0000 50.7000 61.4000 56.2000 72.9000 56.4000 63.0000 60.9000 65.7000 66.2000 46.3000 53.2000 50.6000 0.0000 20.0000
0.0000 33.1000 33.6000 34.1000 34.6000 34.9000 0.0000 30.5000 0.0000 0.0000 35.2000 34.6000 36.1000 31.6000 32.9000 45.2000 45.5000 0.0000 42.4000 46.3000 60.4000 64.1000 64.8000 64.2000 59.3000 0.0000 74.6000 66.5000 63.7000 46.7000 44.6000 59.7000 85.6000 66.4000 45.2000 0.0000 0.0000 64.6000 62.6000 75.2000 74.1000 71.1000 60.2000 67.1000 67.4000 0.0000 50.3000 48.1000 0.0000 5.7000
32.1000 32.6000 32.9000 32.6000 0.0000 0.0000 0.0000 30.7000 37.0000 37.3000 37.2000 37.8000 38.1000 30.9000 33.3000 23.8000 0.0000 0.0000 38.1000 0.0000 34.4000 44.3000 40.2000 0.0000 22.0000 48.4000 67.1000 71.2000 71.1000 55.1000 54.9000 0.0000 0.0000 25.8000 0.0000 52.4000 69.1000 70.6000 63.4000 74.4000 73.7000 72.8000 69.0000 69.4000 68.3000 58.1000 62.3000 39.2000 28.5000 0.0000
25.6000 31.9000 32.2000 32.1000 0.0000 12.2000 29.4000 27.9000 0.0000 37.4000 37.7000 37.9000 38.0000 24.7000 0.0000 34.1000 34.3000 38.3000 37.6000 0.0000 0.0000 49.4000 53.8000 0.0000 46.9000 61.5000 69.2000 72.3000 73.5000 58.0000 40.1000 0.0000 0.0000 0.0000 52.4000 69.7000 70.5000 71.2000 70.1000 73.3000 73.2000 72.3000 71.0000 69.7000 69.0000 67.4000 66.3000 0.0000 30.4000 31.9000
4.5000 0.0000 31.7000 31.6000 31.3000 0.0000 29.5000 28.0000 27.7000 28.0000 0.0000 37.7000 37.9000 36.3000 35.3000 36.8000 33.3000 39.3000 37.6000 26.9000 34.4000 54.0000 59.1000 58.6000 55.8000 55.5000 61.6000 69.0000 64.8000 58.4000 63.8000 0.0000 41.3000 65.0000 69.0000 69.7000 70.2000 61.6000 71.7000 72.8000 72.7000 71.6000 70.5000 68.9000 65.3000 66.8000 66.0000 64.8000 53.8000 34.4000
4.3000 0.0000 31.0000 31.3000 31.0000 29.3000 29.8000 28.1000 28.0000 27.9000 36.3000 37.4000 37.7000 36.1000 23.8000 0.0000 32.4000 0.0000 28.7000 19.0000 27.1000 38.4000 53.8000 63.9000 57.4000 62.5000 63.5000 56.1000 63.1000 66.9000 68.1000 57.7000 67.6000 68.3000 69.0000 69.8000 70.3000 70.5000 71.4000 0.0000 72.2000 0.0000 68.8000 68.0000 0.0000 65.6000 65.3000 64.3000 62.1000 28.5000
0.0000 26.9000 29.9000 0.0000 29.7000 29.6000 29.7000 29.6000 0.0000 0.0000 36.4000 0.0000 37.4000 36.9000 0.0000 31.7000 30.2000 29.3000 19.5000 0.0000 24.2000 0.0000 50.6000 57.6000 51.6000 60.2000 52.2000 52.7000 45.2000 47.2000 66.9000 65.9000 68.1000 68.6000 69.1000 69.9000 70.3000 70.6000 71.3000 70.9000 71.1000 60.2000 68.3000 67.7000 53.8000 65.6000 64.9000 63.0000 55.9000 0.0000
23.4000 29.3000 29.6000 30.1000 29.8000 29.7000 29.6000 29.5000 0.0000 0.0000 36.7000 36.8000 37.0000 32.3000 31.3000 31.2000 30.4000 29.3000 9.4000 0.1000 23.2000 13.9000 33.0000 0.0000 40.3000 37.7000 50.1000 56.9000 46.2000 46.2000 65.5000 62.3000 66.7000 68.6000 69.1000 69.6000 70.0000 70.5000 70.6000 70.4000 70.6000 69.5000 68.6000 0.0000 58.4000 55.5000 0.0000 48.8000 47.9000 28.4000
23.4000 29.0000 29.3000 29.6000 29.5000 0.0000 28.9000 29.0000 28.7000 37.3000 37.2000 37.1000 35.9000 0.0000 30.5000 30.0000 28.7000 28.1000 27.8000 16.4000 23.0000 0.0000 26.6000 26.8000 24.8000 28.3000 0.0000 47.1000 49.6000 47.8000 59.4000 55.8000 67.4000 68.1000 68.6000 68.8000 69.3000 69.8000 70.1000 69.9000 69.7000 69.0000 67.9000 66.2000 65.5000 57.4000 53.5000 49.0000 48.4000 34.0000
28.2000 28.5000 29.0000 29.1000 0.0000 27.9000 28.4000 28.3000 0.0000 0.0000 36.7000 0.0000 31.8000 25.0000 26.3000 26.3000 0.0000 25.5000 26.6000 0.0000 22.0000 21.6000 23.4000 24.5000 24.4000 24.6000 12.9000 0.0000 29.5000 46.1000 62.5000 63.5000 66.7000 67.2000 67.5000 67.9000 0.0000 68.9000 69.2000 69.0000 68.8000 68.3000 67.6000 66.1000 65.4000 0.0000 53.6000 52.4000 50.6000 37.3000
27.7000 28.0000 28.1000 0.0000 26.9000 27.4000 27.9000 27.8000 0.0000 35.2000 35.5000 4.0000 15.2000 28.5000 25.8000 26.7000 25.8000 20.6000 24.3000 25.5000 16.8000 21.1000 0.0000 25.2000 24.6000 0.0000 12.5000 11.0000 11.1000 0.0000 0.0000 62.9000 65.6000 66.1000 66.8000 67.0000 67.1000 67.8000 68.1000 67.9000 67.9000 67.4000 66.7000 65.4000 64.7000 63.4000 62.5000 61.4000 56.6000 55.1000
27.2000 0.0000 27.6000 26.0000 26.6000 26.4000 25.6000 22.1000 21.2000 34.9000 34.3000 23.0000 14.9000 21.3000 24.6000 0.0000 22.8000 19.7000 10.8000 0.0000 0.0000 0.0000 0.2000 0.0000 12.4000 12.0000 12.4000 11.8000 8.7000 0.0000 55.3000 63.2000 64.3000 65.2000 65.9000 66.1000 66.4000 66.9000 67.2000 67.0000 66.7000 66.3000 0.0000 58.9000 63.8000 62.9000 62.0000 60.6000 57.2000 50.7000
24.5000 24.5000 24.7000 16.9000 16.8000 24.7000 12.9000 12.2000 31.7000 33.9000 32.0000 22.4000 22.0000 0.0000 23.4000 22.8000 22.2000 17.8000 14.2000 5.7000 0.0000 0.0000 0.6000 10.4000 11.3000 11.4000 11.2000 10.4000 0.0000 6.6000 53.5000 62.9000 63.6000 64.3000 64.9000 65.2000 65.3000 0.0000 66.1000 66.1000 65.0000 64.3000 63.6000 63.5000 62.9000 49.6000 0.0000 53.7000 55.8000 49.7000
